0.000000E+00 -3.676542E+00
1.000000E+00 -3.130297E+00
2.000000E+00 -2.793271E+00
3.000000E+00 -2.403002E+00
4.000000E+00 -2.210697E+00
5.000000E+00 -1.284974E+00
6.000000E+00 -6.683119E-01
7.000000E+00 -2.380030E-01
8.000000E+00 -7.809772E-02
9.000000E+00 1.561429E-01
1.000000E+01 6.030673E-01
1.100000E+01 -4.580778E+00
1.200000E+01 -3.215533E+00
1.300000E+01 -1.918047E+00
1.400000E+01 -1.567380E+00
1.500000E+01 -1.131188E+00
1.600000E+01 -7.219644E-01
1.700000E+01 -3.546867E-01
1.800000E+01 -4.111959E+00
1.900000E+01 -3.693476E+00
2.000000E+01 -3.175513E+00
2.100000E+01 -2.707024E+00
2.200000E+01 -2.547225E+00
2.300000E+01 -2.230664E+00
2.400000E+01 -1.957961E+00
2.500000E+01 -1.695822E+00
2.600000E+01 -1.431809E+00
2.700000E+01 -1.006098E+00
2.800000E+01 -6.435542E-01
2.900000E+01 -3.627840E-01
3.000000E+01 -3.058361E-01
3.100000E+01 -9.846049E-02
3.200000E+01 1.769292E-01
3.300000E+01 4.718509E-01
3.400000E+01 7.149691E-01
3.500000E+01 1.052328E+00
3.600000E+01 1.217121E+00
3.700000E+01 1.401217E+00
3.800000E+01 -4.496157E+00
3.900000E+01 -3.622394E+00
4.000000E+01 -2.368688E+00
4.100000E+01 -1.713190E+00
4.200000E+01 -1.207755E+00
4.300000E+01 -7.903720E-01
4.400000E+01 -4.819214E-01
4.500000E+01 -1.568339E-01
4.600000E+01 1.684093E-01
4.700000E+01 5.212801E-01
4.800000E+01 8.511739E-01
4.900000E+01 1.335187E+00
5.000000E+01 -4.654024E+00
5.100000E+01 -4.221068E+00
5.200000E+01 -3.799839E+00
5.300000E+01 -3.083731E+00
5.400000E+01 -2.096624E+00
5.500000E+01 -1.305938E+00
5.600000E+01 -7.804660E-01
5.700000E+01 -1.770972E-01
5.800000E+01 3.747961E-01
5.900000E+01 9.221535E-01
6.000000E+01 1.390141E+00
6.100000E+01 -4.453447E+00
6.200000E+01 -4.078674E+00
6.300000E+01 -3.764344E+00
6.400000E+01 -3.493003E+00
6.500000E+01 -3.261560E+00
6.600000E+01 -2.988291E+00
6.700000E+01 -2.699047E+00
6.800000E+01 -2.476178E+00
6.900000E+01 -2.222155E+00
7.000000E+01 -1.921168E+00
7.100000E+01 -1.561304E+00
7.200000E+01 -1.098222E+00
7.300000E+01 -7.896468E-01
7.400000E+01 1.508131E+00
7.500000E+01 -4.307298E+00
7.600000E+01 -3.853112E+00
7.700000E+01 -3.472148E+00
7.800000E+01 -3.065049E+00
7.900000E+01 -2.650608E+00
8.000000E+01 -2.263972E+00
8.100000E+01 -1.855089E+00
8.200000E+01 -1.583520E+00
8.300000E+01 -1.382310E+00
8.400000E+01 -9.027974E-01
8.500000E+01 -7.624608E-01
8.600000E+01 -4.843279E-01
8.700000E+01 -1.211968E-01
8.800000E+01 -4.217462E+00
8.900000E+01 -3.938018E+00
9.000000E+01 -3.555217E+00
9.100000E+01 -3.381245E+00
9.200000E+01 -3.215619E+00
9.300000E+01 -2.455876E-01
9.400000E+01 -7.400553E-02
9.500000E+01 5.268776E-01
9.600000E+01 1.191441E+00
9.700000E+01 -4.549045E+00
9.800000E+01 -3.955783E+00
9.900000E+01 -3.482499E+00
1.000000E+02 -3.142218E+00
1.010000E+02 -2.652887E+00
1.020000E+02 -1.941661E+00
1.030000E+02 -1.124216E+00
1.040000E+02 -9.001442E-02
1.050000E+02 1.064491E+00
1.060000E+02 -4.440246E+00
1.070000E+02 -3.815008E+00
1.080000E+02 -3.248873E+00
1.090000E+02 -2.497792E+00
1.100000E+02 -1.801569E+00
1.110000E+02 -1.250675E+00
1.120000E+02 -7.922548E-01
1.130000E+02 -3.822895E-01
1.140000E+02 3.993091E-02
1.150000E+02 4.748244E-01
1.160000E+02 9.105692E-01
1.170000E+02 1.199745E+00
1.180000E+02 1.427446E+00
1.190000E+02 -4.346543E+00
1.200000E+02 -3.729950E+00
1.210000E+02 -3.173788E+00
1.220000E+02 -2.617630E+00
1.230000E+02 -2.081788E+00
1.240000E+02 -1.506669E+00
1.250000E+02 -1.053326E+00
1.260000E+02 -6.823750E-01
1.270000E+02 -4.288405E-01
1.280000E+02 -8.081746E-02
1.290000E+02 3.547786E-01
1.300000E+02 8.742050E-01
1.310000E+02 1.151550E+00
1.320000E+02 -1.994949E+00
1.330000E+02 -1.692942E+00
1.340000E+02 -1.341191E+00
1.350000E+02 -9.463280E-01
1.360000E+02 -5.901111E-01
1.370000E+02 -1.722516E-01
1.380000E+02 2.633535E-01
1.390000E+02 6.583527E-01
1.400000E+02 1.026217E+00
1.410000E+02 1.434692E+00
1.420000E+02 -4.495605E+00
1.430000E+02 -4.174319E+00
1.440000E+02 -3.824535E+00
1.450000E+02 -3.345444E+00
1.460000E+02 -2.791594E+00
1.470000E+02 -2.221353E+00
1.480000E+02 -1.672244E+00
1.490000E+02 -1.126044E+00
1.500000E+02 -7.822509E-01
1.510000E+02 -3.866348E-01
1.520000E+02 2.472661E-02
1.530000E+02 2.926331E-01
1.540000E+02 -3.083621E+00
1.550000E+02 -2.822582E+00
1.560000E+02 2.008453E-01
1.570000E+02 6.075009E-01
1.580000E+02 1.225267E+00
1.590000E+02 -4.347552E+00
1.600000E+02 -3.625165E+00
1.610000E+02 -2.760964E+00
1.620000E+02 -1.982287E+00
1.630000E+02 -1.461628E+00
1.640000E+02 -1.108155E+00
1.650000E+02 -7.847454E-01
1.660000E+02 -5.794852E-01
1.670000E+02 -5.466256E-01
1.680000E+02 -1.354604E-01
1.690000E+02 3.717948E-01
1.700000E+02 8.662447E-01
1.710000E+02 1.305401E+00
1.720000E+02 -4.508417E+00
1.730000E+02 -4.067542E+00
1.740000E+02 -3.637742E+00
1.750000E+02 -3.275711E+00
1.760000E+02 -3.064482E+00
1.770000E+02 -2.745816E+00
1.780000E+02 -2.228705E+00
1.790000E+02 -1.613474E+00
1.800000E+02 -1.147905E+00
1.810000E+02 -8.453655E-01
1.820000E+02 -4.991006E-01
1.830000E+02 -5.673822E-02
1.840000E+02 4.494731E-01
1.850000E+02 9.258029E-01
1.860000E+02 1.291980E+00
1.870000E+02 1.529153E+00
1.880000E+02 -4.414419E+00
1.890000E+02 -4.026826E+00
1.900000E+02 -3.736839E+00
1.910000E+02 -3.494775E+00
1.920000E+02 -3.149241E+00
1.930000E+02 -2.694455E+00
1.940000E+02 -2.233546E+00
1.950000E+02 -1.823420E+00
1.960000E+02 -1.435042E+00
1.970000E+02 -1.029500E+00
1.980000E+02 -5.777814E-01
1.990000E+02 -1.578368E-01
2.000000E+02 1.974647E-01
2.010000E+02 6.690295E-01
2.020000E+02 1.275320E+00
2.030000E+02 -4.487526E+00
2.040000E+02 -4.100278E+00
2.050000E+02 -3.792608E+00
2.060000E+02 -3.396820E+00
2.070000E+02 -2.976669E+00
2.080000E+02 -2.518086E+00
2.090000E+02 -2.056741E+00
2.100000E+02 -1.644860E+00
2.110000E+02 -1.246398E+00
2.120000E+02 -8.818088E-01
2.130000E+02 -5.543981E-01
2.140000E+02 -2.122193E-01
2.150000E+02 1.467667E-01
2.160000E+02 5.114694E-01
2.170000E+02 9.207619E-01
2.180000E+02 1.344350E+00
2.190000E+02 -4.510182E+00
2.200000E+02 -4.064544E+00
2.210000E+02 -3.626977E+00
2.220000E+02 -3.233842E+00
2.230000E+02 -2.886629E+00
2.240000E+02 -2.568742E+00
2.250000E+02 -2.234337E+00
2.260000E+02 -1.851660E+00
2.270000E+02 -1.424373E+00
2.280000E+02 -9.981971E-01
2.290000E+02 -6.019119E-01
2.300000E+02 -2.670324E-01
2.310000E+02 2.723070E-02
2.320000E+02 3.435856E-01
2.330000E+02 6.614446E-01
2.340000E+02 1.020052E+00
2.350000E+02 1.411098E+00
2.360000E+02 -4.452632E+00
2.370000E+02 -4.020544E+00
2.380000E+02 -3.584668E+00
2.390000E+02 -3.186426E+00
2.400000E+02 -2.824144E+00
2.410000E+02 -2.435110E+00
2.420000E+02 -2.007058E+00
2.430000E+02 -1.628394E+00
2.440000E+02 -1.285589E+00
2.450000E+02 -9.305443E-01
2.460000E+02 -5.656290E-01
2.470000E+02 -2.357791E-01
2.480000E+02 1.261321E-01
2.490000E+02 5.093531E-01
2.500000E+02 9.145353E-01
2.510000E+02 1.312363E+00
2.520000E+02 -4.589769E+00
2.530000E+02 -4.191283E+00
2.540000E+02 -3.779643E+00
2.550000E+02 -3.358013E+00
2.560000E+02 -2.945075E+00
2.570000E+02 -2.560667E+00
2.580000E+02 -2.212091E+00
2.590000E+02 -1.879524E+00
2.600000E+02 -1.533818E+00
2.610000E+02 -1.159024E+00
2.620000E+02 -7.952429E-01
2.630000E+02 -4.418117E-01
2.640000E+02 -7.474119E-02
2.650000E+02 3.071429E-01
2.660000E+02 7.062005E-01
2.670000E+02 1.113658E+00
2.680000E+02 1.507695E+00
2.690000E+02 -4.406664E+00
2.700000E+02 -4.071397E+00
2.710000E+02 -3.750893E+00
2.720000E+02 -3.402930E+00
2.730000E+02 -3.016882E+00
2.740000E+02 -2.609178E+00
2.750000E+02 -2.212728E+00
2.760000E+02 -1.845436E+00
2.770000E+02 -1.512139E+00
2.780000E+02 -1.184250E+00
2.790000E+02 -8.295191E-01
2.800000E+02 -4.436304E-01
2.810000E+02 -5.225750E-02
2.820000E+02 3.165404E-01
2.830000E+02 6.564725E-01
2.840000E+02 9.942539E-01
2.850000E+02 1.338631E+00
2.860000E+02 -4.574122E+00
2.870000E+02 -4.196506E+00
2.880000E+02 -3.833193E+00
2.890000E+02 -3.483290E+00
2.900000E+02 -3.146093E+00
2.910000E+02 -2.810645E+00
2.920000E+02 -2.458654E+00
2.930000E+02 -2.100327E+00
2.940000E+02 -1.734951E+00
2.950000E+02 -1.367323E+00
2.960000E+02 -1.020414E+00
2.970000E+02 -6.919098E-01
2.980000E+02 -3.716385E-01
2.990000E+02 -4.353709E-02
3.000000E+02 2.962398E-01
3.010000E+02 6.465395E-01
3.020000E+02 9.943059E-01
3.030000E+02 1.334429E+00
3.040000E+02 -4.611140E+00
3.050000E+02 -4.271463E+00
3.060000E+02 -3.928242E+00
3.070000E+02 -3.591248E+00
3.080000E+02 -3.268734E+00
3.090000E+02 -2.952225E+00
3.100000E+02 -2.635022E+00
3.110000E+02 -2.310496E+00
3.120000E+02 -1.973886E+00
3.130000E+02 -1.619673E+00
3.140000E+02 -1.264943E+00
3.150000E+02 -9.269353E-01
3.160000E+02 -6.165762E-01
3.170000E+02 -3.197004E-01
3.180000E+02 -2.094051E-02
3.190000E+02 2.892461E-01
3.200000E+02 6.182542E-01
3.210000E+02 9.670444E-01
3.220000E+02 1.318737E+00
3.230000E+02 -4.627785E+00
3.240000E+02 -4.307113E+00
3.250000E+02 -3.999470E+00
3.260000E+02 -3.693004E+00
3.270000E+02 -3.382554E+00
3.280000E+02 -3.072994E+00
3.290000E+02 -2.768298E+00
3.300000E+02 -2.460563E+00
3.310000E+02 -2.143360E+00
3.320000E+02 -1.807919E+00
3.330000E+02 -1.465471E+00
3.340000E+02 -1.136083E+00
3.350000E+02 -8.221047E-01
3.360000E+02 -5.188923E-01
3.370000E+02 -2.253360E-01
3.380000E+02 6.153506E-02
3.390000E+02 3.452530E-01
3.400000E+02 6.329879E-01
3.410000E+02 9.376508E-01
3.420000E+02 1.255425E+00
3.430000E+02 -4.706352E+00
3.440000E+02 -4.383706E+00
3.450000E+02 -4.072940E+00
3.460000E+02 -3.776773E+00
3.470000E+02 -3.494349E+00
3.480000E+02 -3.221569E+00
3.490000E+02 -2.952705E+00
3.500000E+02 -2.672508E+00
3.510000E+02 -2.378125E+00
3.520000E+02 -2.078036E+00
3.530000E+02 -1.772362E+00
3.540000E+02 -1.465492E+00
3.550000E+02 -1.162519E+00
3.560000E+02 -8.790489E-01
3.570000E+02 -6.108043E-01
3.580000E+02 -3.412168E-01
3.590000E+02 -6.680155E-02
3.600000E+02 2.127519E-01
3.610000E+02 4.973156E-01
3.620000E+02 7.900459E-01
3.630000E+02 1.094665E+00
3.640000E+02 1.403926E+00
3.650000E+02 -4.578525E+00
3.660000E+02 -4.294011E+00
3.670000E+02 -4.027032E+00
3.680000E+02 -3.766620E+00
3.690000E+02 -3.504186E+00
3.700000E+02 -3.234255E+00
3.710000E+02 -2.961104E+00
3.720000E+02 -2.679289E+00
3.730000E+02 -2.391435E+00
3.740000E+02 -2.096595E+00
3.750000E+02 -1.799152E+00
3.760000E+02 -1.507103E+00
3.770000E+02 -1.230081E+00
3.780000E+02 -9.706072E-01
3.790000E+02 -7.153335E-01
3.800000E+02 -4.550408E-01
3.810000E+02 -1.873524E-01
3.820000E+02 8.911101E-02
3.830000E+02 3.729309E-01
3.840000E+02 6.574037E-01
3.850000E+02 9.435124E-01
3.860000E+02 1.219872E+00
3.870000E+02 1.488095E+00
3.880000E+02 -4.540260E+00
3.890000E+02 -4.288894E+00
3.900000E+02 -4.031712E+00
3.910000E+02 -3.771616E+00
3.920000E+02 -3.509736E+00
3.930000E+02 -3.247058E+00
3.940000E+02 -2.983290E+00
3.950000E+02 -2.724514E+00
3.960000E+02 -2.467331E+00
3.970000E+02 -2.211812E+00
3.980000E+02 -1.955060E+00
3.990000E+02 -1.691312E+00
4.000000E+02 -1.434086E+00
4.010000E+02 -1.182318E+00
4.020000E+02 -9.280552E-01
4.030000E+02 -6.671785E-01
4.040000E+02 -4.057178E-01
4.050000E+02 -1.512009E-01
4.060000E+02 1.019754E-01
4.070000E+02 3.508417E-01
4.080000E+02 5.899928E-01
4.090000E+02 8.241603E-01
4.100000E+02 1.063079E+00
4.110000E+02 1.311060E+00
4.120000E+02 -4.709450E+00
4.130000E+02 -4.439487E+00
4.140000E+02 -4.170662E+00
4.150000E+02 -3.908191E+00
4.160000E+02 -3.662593E+00
4.170000E+02 -3.433034E+00
4.180000E+02 -3.207882E+00
4.190000E+02 -2.984347E+00
4.200000E+02 -2.751235E+00
4.210000E+02 -2.510078E+00
4.220000E+02 -2.267992E+00
4.230000E+02 -2.019656E+00
4.240000E+02 -1.755548E+00
4.250000E+02 -1.481821E+00
4.260000E+02 -1.206067E+00
4.270000E+02 -9.442635E-01
4.280000E+02 -7.045143E-01
4.290000E+02 -4.786812E-01
4.300000E+02 -2.535815E-01
4.310000E+02 -2.479047E-02
4.320000E+02 2.044341E-01
4.330000E+02 4.364730E-01
4.340000E+02 6.773094E-01
4.350000E+02 9.312521E-01
4.360000E+02 1.198660E+00
4.370000E+02 1.465663E+00
4.380000E+02 -4.553540E+00
4.390000E+02 -4.304167E+00
4.400000E+02 -4.071155E+00
4.410000E+02 -3.858232E+00
4.420000E+02 -3.667859E+00
4.430000E+02 -3.480131E+00
4.440000E+02 -3.273576E+00
4.450000E+02 -3.044460E+00
4.460000E+02 -2.797600E+00
4.470000E+02 -2.540473E+00
4.480000E+02 -2.281734E+00
4.490000E+02 -2.029765E+00
4.500000E+02 -1.792521E+00
4.510000E+02 -1.582566E+00
4.520000E+02 -1.385990E+00
4.530000E+02 -1.184287E+00
4.540000E+02 -9.741459E-01
4.550000E+02 -7.563656E-01
4.560000E+02 -5.355358E-01
4.570000E+02 -3.102162E-01
4.580000E+02 -8.816341E-02
4.590000E+02 1.331494E-01
4.600000E+02 3.540655E-01
4.610000E+02 5.719122E-01
4.620000E+02 7.856369E-01
4.630000E+02 9.948146E-01
4.640000E+02 1.202936E+00
4.650000E+02 1.421108E+00
4.660000E+02 -4.631221E+00
4.670000E+02 -4.392641E+00
4.680000E+02 -4.149630E+00
4.690000E+02 -3.917573E+00
4.700000E+02 -3.697295E+00
4.710000E+02 -3.491037E+00
4.720000E+02 -3.298220E+00
4.730000E+02 -3.113487E+00
4.740000E+02 -2.920774E+00
4.750000E+02 -2.718880E+00
4.760000E+02 -2.510375E+00
4.770000E+02 -2.286327E+00
4.780000E+02 -2.045782E+00
4.790000E+02 -1.800244E+00
4.800000E+02 -1.558491E+00
4.810000E+02 -1.333621E+00
4.820000E+02 -1.126140E+00
4.830000E+02 -9.296537E-01
4.840000E+02 -7.478239E-01
4.850000E+02 -5.586596E-01
4.860000E+02 -3.611554E-01
4.870000E+02 -1.598010E-01
4.880000E+02 4.736696E-02
4.890000E+02 2.638925E-01
4.900000E+02 4.884966E-01
4.910000E+02 7.154363E-01
4.920000E+02 9.389119E-01
4.930000E+02 1.161455E+00
4.940000E+02 1.379065E+00
4.950000E+02 -4.697973E+00
4.960000E+02 -4.489327E+00
4.970000E+02 -4.277567E+00
4.980000E+02 -4.071955E+00
4.990000E+02 -3.868967E+00
5.000000E+02 -3.668097E+00
5.010000E+02 -3.471158E+00
5.020000E+02 -3.282305E+00
5.030000E+02 -3.094902E+00
5.040000E+02 -2.910170E+00
5.050000E+02 -2.721415E+00
5.060000E+02 -2.522079E+00
5.070000E+02 -2.313786E+00
5.080000E+02 -2.099293E+00
5.090000E+02 -1.880430E+00
