0.000000E+00 -5.349495E-01
1.000000E+00 1.129564E-02
2.000000E+00 3.483214E-01
3.000000E+00 7.385905E-01
4.000000E+00 9.308953E-01
5.000000E+00 -1.284974E+00
6.000000E+00 -6.683119E-01
7.000000E+00 -2.380030E-01
8.000000E+00 -7.809772E-02
9.000000E+00 1.561429E-01
1.000000E+01 6.030673E-01
1.100000E+01 -1.439186E+00
1.200000E+01 -7.394027E-02
1.300000E+01 1.223545E+00
1.400000E+01 -1.567380E+00
1.500000E+01 -1.131188E+00
1.600000E+01 -7.219644E-01
1.700000E+01 -3.546867E-01
1.800000E+01 -9.703666E-01
1.900000E+01 -5.518837E-01
2.000000E+01 -3.391994E-02
2.100000E+01 4.345687E-01
2.200000E+01 5.943680E-01
2.300000E+01 9.109282E-01
2.400000E+01 1.183631E+00
2.500000E+01 1.445771E+00
2.600000E+01 -1.431809E+00
2.700000E+01 -1.006098E+00
2.800000E+01 -6.435542E-01
2.900000E+01 -3.627840E-01
3.000000E+01 -3.058361E-01
3.100000E+01 -9.846049E-02
3.200000E+01 1.769292E-01
3.300000E+01 4.718509E-01
3.400000E+01 7.149691E-01
3.500000E+01 1.052328E+00
3.600000E+01 1.217121E+00
3.700000E+01 1.401217E+00
3.800000E+01 -1.354565E+00
3.900000E+01 -4.808010E-01
4.000000E+01 7.729050E-01
4.100000E+01 1.428403E+00
4.200000E+01 -1.207755E+00
4.300000E+01 -7.903720E-01
4.400000E+01 -4.819214E-01
4.500000E+01 -1.568339E-01
4.600000E+01 1.684093E-01
4.700000E+01 5.212801E-01
4.800000E+01 8.511739E-01
4.900000E+01 1.335187E+00
5.000000E+01 -1.512432E+00
5.100000E+01 -1.079475E+00
5.200000E+01 -6.582462E-01
5.300000E+01 5.786171E-02
5.400000E+01 1.044969E+00
5.500000E+01 -1.305938E+00
5.600000E+01 -7.804660E-01
5.700000E+01 -1.770972E-01
5.800000E+01 3.747961E-01
5.900000E+01 9.221535E-01
6.000000E+01 1.390141E+00
6.100000E+01 -1.311855E+00
6.200000E+01 -9.370814E-01
6.300000E+01 -6.227517E-01
6.400000E+01 -3.514101E-01
6.500000E+01 -1.199669E-01
6.600000E+01 1.533015E-01
6.700000E+01 4.425461E-01
6.800000E+01 6.654151E-01
6.900000E+01 9.194379E-01
7.000000E+01 1.220425E+00
7.100000E+01 -1.561304E+00
7.200000E+01 -1.098222E+00
7.300000E+01 -7.896468E-01
7.400000E+01 1.508131E+00
7.500000E+01 -1.165705E+00
7.600000E+01 -7.115195E-01
7.700000E+01 -3.305553E-01
7.800000E+01 7.654356E-02
7.900000E+01 4.909848E-01
8.000000E+01 8.776210E-01
8.100000E+01 1.286504E+00
8.200000E+01 1.558073E+00
8.300000E+01 -1.382310E+00
8.400000E+01 -9.027974E-01
8.500000E+01 -7.624608E-01
8.600000E+01 -4.843279E-01
8.700000E+01 -1.211968E-01
8.800000E+01 -1.075869E+00
8.900000E+01 -7.964252E-01
9.000000E+01 -4.136239E-01
9.100000E+01 -2.396524E-01
9.200000E+01 -7.402595E-02
9.300000E+01 -2.455876E-01
9.400000E+01 -7.400553E-02
9.500000E+01 5.268776E-01
9.600000E+01 1.191441E+00
9.700000E+01 -1.407453E+00
9.800000E+01 -8.141904E-01
9.900000E+01 -3.409059E-01
1.000000E+02 -6.256929E-04
1.010000E+02 4.887054E-01
1.020000E+02 1.199931E+00
1.030000E+02 -1.124216E+00
1.040000E+02 -9.001442E-02
1.050000E+02 1.064491E+00
1.060000E+02 -1.298654E+00
1.070000E+02 -6.734149E-01
1.080000E+02 -1.072808E-01
1.090000E+02 6.438004E-01
1.100000E+02 1.340024E+00
1.110000E+02 -1.250675E+00
1.120000E+02 -7.922548E-01
1.130000E+02 -3.822895E-01
1.140000E+02 3.993091E-02
1.150000E+02 4.748244E-01
1.160000E+02 9.105692E-01
1.170000E+02 1.199745E+00
1.180000E+02 1.427446E+00
1.190000E+02 -1.204951E+00
1.200000E+02 -5.883575E-01
1.210000E+02 -3.219547E-02
1.220000E+02 5.239622E-01
1.230000E+02 1.059804E+00
1.240000E+02 -1.506669E+00
1.250000E+02 -1.053326E+00
1.260000E+02 -6.823750E-01
1.270000E+02 -4.288405E-01
1.280000E+02 -8.081746E-02
1.290000E+02 3.547786E-01
1.300000E+02 8.742050E-01
1.310000E+02 1.151550E+00
1.320000E+02 1.146643E+00
1.330000E+02 1.448650E+00
1.340000E+02 -1.341191E+00
1.350000E+02 -9.463280E-01
1.360000E+02 -5.901111E-01
1.370000E+02 -1.722516E-01
1.380000E+02 2.633535E-01
1.390000E+02 6.583527E-01
1.400000E+02 1.026217E+00
1.410000E+02 1.434692E+00
1.420000E+02 -1.354013E+00
1.430000E+02 -1.032726E+00
1.440000E+02 -6.829424E-01
1.450000E+02 -2.038515E-01
1.460000E+02 3.499984E-01
1.470000E+02 9.202401E-01
1.480000E+02 1.469349E+00
1.490000E+02 -1.126044E+00
1.500000E+02 -7.822509E-01
1.510000E+02 -3.866348E-01
1.520000E+02 2.472661E-02
1.530000E+02 2.926331E-01
1.540000E+02 5.797211E-02
1.550000E+02 3.190110E-01
1.560000E+02 2.008453E-01
1.570000E+02 6.075009E-01
1.580000E+02 1.225267E+00
1.590000E+02 -1.205959E+00
1.600000E+02 -4.835722E-01
1.610000E+02 3.806286E-01
1.620000E+02 1.159305E+00
1.630000E+02 -1.461628E+00
1.640000E+02 -1.108155E+00
1.650000E+02 -7.847454E-01
1.660000E+02 -5.794852E-01
1.670000E+02 -5.466256E-01
1.680000E+02 -1.354604E-01
1.690000E+02 3.717948E-01
1.700000E+02 8.662447E-01
1.710000E+02 1.305401E+00
1.720000E+02 -1.366824E+00
1.730000E+02 -9.259493E-01
1.740000E+02 -4.961496E-01
1.750000E+02 -1.341187E-01
1.760000E+02 7.711073E-02
1.770000E+02 3.957771E-01
1.780000E+02 9.128877E-01
1.790000E+02 1.528119E+00
1.800000E+02 -1.147905E+00
1.810000E+02 -8.453655E-01
1.820000E+02 -4.991006E-01
1.830000E+02 -5.673822E-02
1.840000E+02 4.494731E-01
1.850000E+02 9.258029E-01
1.860000E+02 1.291980E+00
1.870000E+02 1.529153E+00
1.880000E+02 -1.272826E+00
1.890000E+02 -8.852333E-01
1.900000E+02 -5.952462E-01
1.910000E+02 -3.531827E-01
1.920000E+02 -7.648461E-03
1.930000E+02 4.471372E-01
1.940000E+02 9.080465E-01
1.950000E+02 1.318172E+00
1.960000E+02 -1.435042E+00
1.970000E+02 -1.029500E+00
1.980000E+02 -5.777814E-01
1.990000E+02 -1.578368E-01
2.000000E+02 1.974647E-01
2.010000E+02 6.690295E-01
2.020000E+02 1.275320E+00
2.030000E+02 -1.345933E+00
2.040000E+02 -9.586853E-01
2.050000E+02 -6.510149E-01
2.060000E+02 -2.552276E-01
2.070000E+02 1.649241E-01
2.080000E+02 6.235068E-01
2.090000E+02 1.084852E+00
2.100000E+02 1.496732E+00
2.110000E+02 -1.246398E+00
2.120000E+02 -8.818088E-01
2.130000E+02 -5.543981E-01
2.140000E+02 -2.122193E-01
2.150000E+02 1.467667E-01
2.160000E+02 5.114694E-01
2.170000E+02 9.207619E-01
2.180000E+02 1.344350E+00
2.190000E+02 -1.368589E+00
2.200000E+02 -9.229518E-01
2.210000E+02 -4.853847E-01
2.220000E+02 -9.224916E-02
2.230000E+02 2.549641E-01
2.240000E+02 5.728510E-01
2.250000E+02 9.072559E-01
2.260000E+02 1.289933E+00
2.270000E+02 -1.424373E+00
2.280000E+02 -9.981971E-01
2.290000E+02 -6.019119E-01
2.300000E+02 -2.670324E-01
2.310000E+02 2.723070E-02
2.320000E+02 3.435856E-01
2.330000E+02 6.614446E-01
2.340000E+02 1.020052E+00
2.350000E+02 1.411098E+00
2.360000E+02 -1.311039E+00
2.370000E+02 -8.789517E-01
2.380000E+02 -4.430753E-01
2.390000E+02 -4.483359E-02
2.400000E+02 3.174488E-01
2.410000E+02 7.064828E-01
2.420000E+02 1.134534E+00
2.430000E+02 1.513199E+00
2.440000E+02 -1.285589E+00
2.450000E+02 -9.305443E-01
2.460000E+02 -5.656290E-01
2.470000E+02 -2.357791E-01
2.480000E+02 1.261321E-01
2.490000E+02 5.093531E-01
2.500000E+02 9.145353E-01
2.510000E+02 1.312363E+00
2.520000E+02 -1.448176E+00
2.530000E+02 -1.049690E+00
2.540000E+02 -6.380499E-01
2.550000E+02 -2.164203E-01
2.560000E+02 1.965176E-01
2.570000E+02 5.809260E-01
2.580000E+02 9.295015E-01
2.590000E+02 1.262069E+00
2.600000E+02 -1.533818E+00
2.610000E+02 -1.159024E+00
2.620000E+02 -7.952429E-01
2.630000E+02 -4.418117E-01
2.640000E+02 -7.474119E-02
2.650000E+02 3.071429E-01
2.660000E+02 7.062005E-01
2.670000E+02 1.113658E+00
2.680000E+02 1.507695E+00
2.690000E+02 -1.265071E+00
2.700000E+02 -9.298047E-01
2.710000E+02 -6.093005E-01
2.720000E+02 -2.613370E-01
2.730000E+02 1.247106E-01
2.740000E+02 5.324144E-01
2.750000E+02 9.288651E-01
2.760000E+02 1.296157E+00
2.770000E+02 -1.512139E+00
2.780000E+02 -1.184250E+00
2.790000E+02 -8.295191E-01
2.800000E+02 -4.436304E-01
2.810000E+02 -5.225750E-02
2.820000E+02 3.165404E-01
2.830000E+02 6.564725E-01
2.840000E+02 9.942539E-01
2.850000E+02 1.338631E+00
2.860000E+02 -1.432529E+00
2.870000E+02 -1.054914E+00
2.880000E+02 -6.916008E-01
2.890000E+02 -3.416978E-01
2.900000E+02 -4.500715E-03
2.910000E+02 3.309476E-01
2.920000E+02 6.829391E-01
2.930000E+02 1.041266E+00
2.940000E+02 1.406642E+00
2.950000E+02 -1.367323E+00
2.960000E+02 -1.020414E+00
2.970000E+02 -6.919098E-01
2.980000E+02 -3.716385E-01
2.990000E+02 -4.353709E-02
3.000000E+02 2.962398E-01
3.010000E+02 6.465395E-01
3.020000E+02 9.943059E-01
3.030000E+02 1.334429E+00
3.040000E+02 -1.469547E+00
3.050000E+02 -1.129871E+00
3.060000E+02 -7.866493E-01
3.070000E+02 -4.496558E-01
3.080000E+02 -1.271410E-01
3.090000E+02 1.893672E-01
3.100000E+02 5.065703E-01
3.110000E+02 8.310968E-01
3.120000E+02 1.167707E+00
3.130000E+02 1.521920E+00
3.140000E+02 -1.264943E+00
3.150000E+02 -9.269353E-01
3.160000E+02 -6.165762E-01
3.170000E+02 -3.197004E-01
3.180000E+02 -2.094051E-02
3.190000E+02 2.892461E-01
3.200000E+02 6.182542E-01
3.210000E+02 9.670444E-01
3.220000E+02 1.318737E+00
3.230000E+02 -1.486192E+00
3.240000E+02 -1.165521E+00
3.250000E+02 -8.578776E-01
3.260000E+02 -5.514116E-01
3.270000E+02 -2.409617E-01
3.280000E+02 6.859865E-02
3.290000E+02 3.732948E-01
3.300000E+02 6.810301E-01
3.310000E+02 9.982322E-01
3.320000E+02 1.333674E+00
3.330000E+02 -1.465471E+00
3.340000E+02 -1.136083E+00
3.350000E+02 -8.221047E-01
3.360000E+02 -5.188923E-01
3.370000E+02 -2.253360E-01
3.380000E+02 6.153506E-02
3.390000E+02 3.452530E-01
3.400000E+02 6.329879E-01
3.410000E+02 9.376508E-01
3.420000E+02 1.255425E+00
3.430000E+02 -1.564760E+00
3.440000E+02 -1.242113E+00
3.450000E+02 -9.313472E-01
3.460000E+02 -6.351806E-01
3.470000E+02 -3.527561E-01
3.480000E+02 -7.997600E-02
3.490000E+02 1.888873E-01
3.500000E+02 4.690850E-01
3.510000E+02 7.634679E-01
3.520000E+02 1.063557E+00
3.530000E+02 1.369231E+00
3.540000E+02 -1.465492E+00
3.550000E+02 -1.162519E+00
3.560000E+02 -8.790489E-01
3.570000E+02 -6.108043E-01
3.580000E+02 -3.412168E-01
3.590000E+02 -6.680155E-02
3.600000E+02 2.127519E-01
3.610000E+02 4.973156E-01
3.620000E+02 7.900459E-01
3.630000E+02 1.094665E+00
3.640000E+02 1.403926E+00
3.650000E+02 -1.436932E+00
3.660000E+02 -1.152418E+00
3.670000E+02 -8.854390E-01
3.680000E+02 -6.250270E-01
3.690000E+02 -3.625931E-01
3.700000E+02 -9.266267E-02
3.710000E+02 1.804885E-01
3.720000E+02 4.623038E-01
3.730000E+02 7.501578E-01
3.740000E+02 1.044998E+00
3.750000E+02 1.342441E+00
3.760000E+02 -1.507103E+00
3.770000E+02 -1.230081E+00
3.780000E+02 -9.706072E-01
3.790000E+02 -7.153335E-01
3.800000E+02 -4.550408E-01
3.810000E+02 -1.873524E-01
3.820000E+02 8.911101E-02
3.830000E+02 3.729309E-01
3.840000E+02 6.574037E-01
3.850000E+02 9.435124E-01
3.860000E+02 1.219872E+00
3.870000E+02 1.488095E+00
3.880000E+02 -1.398668E+00
3.890000E+02 -1.147302E+00
3.900000E+02 -8.901190E-01
3.910000E+02 -6.300229E-01
3.920000E+02 -3.681430E-01
3.930000E+02 -1.054654E-01
3.940000E+02 1.583024E-01
3.950000E+02 4.170791E-01
3.960000E+02 6.742618E-01
3.970000E+02 9.297811E-01
3.980000E+02 1.186533E+00
3.990000E+02 1.450281E+00
4.000000E+02 -1.434086E+00
4.010000E+02 -1.182318E+00
4.020000E+02 -9.280552E-01
4.030000E+02 -6.671785E-01
4.040000E+02 -4.057178E-01
4.050000E+02 -1.512009E-01
4.060000E+02 1.019754E-01
4.070000E+02 3.508417E-01
4.080000E+02 5.899928E-01
4.090000E+02 8.241603E-01
4.100000E+02 1.063079E+00
4.110000E+02 1.311060E+00
4.120000E+02 -1.567857E+00
4.130000E+02 -1.297894E+00
4.140000E+02 -1.029069E+00
4.150000E+02 -7.665985E-01
4.160000E+02 -5.210003E-01
4.170000E+02 -2.914410E-01
4.180000E+02 -6.628909E-02
4.190000E+02 1.572457E-01
4.200000E+02 3.903573E-01
4.210000E+02 6.315151E-01
4.220000E+02 8.736008E-01
4.230000E+02 1.121936E+00
4.240000E+02 1.386045E+00
4.250000E+02 -1.481821E+00
4.260000E+02 -1.206067E+00
4.270000E+02 -9.442635E-01
4.280000E+02 -7.045143E-01
4.290000E+02 -4.786812E-01
4.300000E+02 -2.535815E-01
4.310000E+02 -2.479047E-02
4.320000E+02 2.044341E-01
4.330000E+02 4.364730E-01
4.340000E+02 6.773094E-01
4.350000E+02 9.312521E-01
4.360000E+02 1.198660E+00
4.370000E+02 1.465663E+00
4.380000E+02 -1.411947E+00
4.390000E+02 -1.162574E+00
4.400000E+02 -9.295627E-01
4.410000E+02 -7.166395E-01
4.420000E+02 -5.262668E-01
4.430000E+02 -3.385381E-01
4.440000E+02 -1.319834E-01
4.450000E+02 9.713283E-02
4.460000E+02 3.439923E-01
4.470000E+02 6.011195E-01
4.480000E+02 8.598590E-01
4.490000E+02 1.111827E+00
4.500000E+02 1.349071E+00
4.510000E+02 1.559027E+00
4.520000E+02 -1.385990E+00
4.530000E+02 -1.184287E+00
4.540000E+02 -9.741459E-01
4.550000E+02 -7.563656E-01
4.560000E+02 -5.355358E-01
4.570000E+02 -3.102162E-01
4.580000E+02 -8.816341E-02
4.590000E+02 1.331494E-01
4.600000E+02 3.540655E-01
4.610000E+02 5.719122E-01
4.620000E+02 7.856369E-01
4.630000E+02 9.948146E-01
4.640000E+02 1.202936E+00
4.650000E+02 1.421108E+00
4.660000E+02 -1.489628E+00
4.670000E+02 -1.251048E+00
4.680000E+02 -1.008037E+00
4.690000E+02 -7.759802E-01
4.700000E+02 -5.557025E-01
4.710000E+02 -3.494442E-01
4.720000E+02 -1.566275E-01
4.730000E+02 2.810556E-02
4.740000E+02 2.208188E-01
4.750000E+02 4.227131E-01
4.760000E+02 6.312176E-01
4.770000E+02 8.552654E-01
4.780000E+02 1.095811E+00
4.790000E+02 1.341349E+00
4.800000E+02 -1.558491E+00
4.810000E+02 -1.333621E+00
4.820000E+02 -1.126140E+00
4.830000E+02 -9.296537E-01
4.840000E+02 -7.478239E-01
4.850000E+02 -5.586596E-01
4.860000E+02 -3.611554E-01
4.870000E+02 -1.598010E-01
4.880000E+02 4.736696E-02
4.890000E+02 2.638925E-01
4.900000E+02 4.884966E-01
4.910000E+02 7.154363E-01
4.920000E+02 9.389119E-01
4.930000E+02 1.161455E+00
4.940000E+02 1.379065E+00
4.950000E+02 -1.556380E+00
4.960000E+02 -1.347735E+00
4.970000E+02 -1.135974E+00
4.980000E+02 -9.303621E-01
4.990000E+02 -7.273744E-01
5.000000E+02 -5.265043E-01
5.010000E+02 -3.295650E-01
5.020000E+02 -1.407120E-01
5.030000E+02 4.669100E-02
5.040000E+02 2.314225E-01
5.050000E+02 4.201778E-01
5.060000E+02 6.195141E-01
5.070000E+02 8.278064E-01
5.080000E+02 1.042300E+00
5.090000E+02 1.261163E+00
