9.787923E-03 5.466879E+01
1.955629E-02 3.372993E+01
2.934421E-02 3.905855E+01
3.912138E-02 1.924609E+01
4.889855E-02 9.264736E+01
5.867571E-02 6.171621E+01
6.845386E-02 4.306578E+01
7.823103E-02 1.600349E+01
8.800330E-02 2.344306E+01
9.778536E-02 4.472868E+01
1.075674E-01 1.100231E+02
1.173397E-01 1.366352E+02
1.271218E-01 1.298538E+02
1.368940E-01 3.509513E+01
1.466761E-01 4.365457E+01
1.564581E-01 4.095554E+01
1.662314E-01 3.675755E+01
1.760135E-01 2.527961E+02
1.857867E-01 4.188223E+01
1.955688E-01 5.183830E+01
2.053420E-01 4.688689E+01
2.151241E-01 1.599286E+01
2.249071E-01 3.168177E+01
2.346794E-01 2.729241E+01
2.444624E-01 2.623516E+01
2.542347E-01 2.642271E+01
2.640177E-01 4.260562E+01
2.737900E-01 3.628378E+01
2.835730E-01 2.809979E+01
2.933453E-01 5.699408E+00
3.031284E-01 2.075438E+01
3.129006E-01 2.756130E+01
3.226837E-01 2.951608E+01
3.324657E-01 2.433153E+01
3.422390E-01 3.376325E+01
3.520210E-01 1.649266E+01
3.617943E-01 1.842453E+01
3.715764E-01 3.861242E+01
3.813496E-01 8.744715E+01
3.911317E-01 1.254723E+02
4.009049E-01 6.560295E+01
4.106870E-01 5.058448E+01
4.204700E-01 4.177214E+01
4.302423E-01 3.087007E+01
4.400253E-01 3.253511E+01
4.497976E-01 3.255069E+01
4.595806E-01 3.531569E+01
4.693529E-01 3.301613E+01
4.791359E-01 4.844056E+01
4.889082E-01 2.942127E+01
4.986913E-01 4.333071E+01
5.084635E-01 4.215706E+01
5.182466E-01 7.166887E+01
5.280286E-01 9.879074E+01
5.378019E-01 7.913271E+01
5.475849E-01 5.258981E+01
5.573572E-01 6.038581E+01
5.671402E-01 5.523408E+01
5.769125E-01 5.478012E+01
5.866955E-01 4.683670E+01
5.964678E-01 4.399538E+01
6.062509E-01 3.750769E+01
6.160231E-01 3.145849E+01
6.258062E-01 2.715610E+01
6.355882E-01 2.316307E+01
6.453615E-01 2.734906E+01
6.551435E-01 2.894785E+01
6.649168E-01 2.230497E+01
6.746988E-01 2.542290E+01
6.844721E-01 3.012311E+01
6.942542E-01 3.601558E+01
7.040274E-01 4.634575E+01
7.138095E-01 3.088254E+01
7.235925E-01 2.299641E+02
7.333648E-01 4.681356E+01
7.431478E-01 4.545543E+01
7.529201E-01 3.812729E+01
7.627031E-01 4.074291E+01
7.724754E-01 4.147771E+01
7.822584E-01 3.869495E+01
7.920307E-01 4.092146E+01
8.018138E-01 2.717892E+01
8.115860E-01 2.013732E+01
8.213691E-01 4.799014E+01
8.311511E-01 1.404504E+01
8.409244E-01 2.783584E+01
8.507064E-01 3.634256E+01
8.604797E-01 2.188693E+02
8.702617E-01 2.796706E+01
8.800350E-01 3.831114E+01
8.898171E-01 1.741131E+01
8.995903E-01 1.657603E+01
9.093724E-01 2.972440E+02
9.191554E-01 1.717212E+01
9.289277E-01 6.013704E+01
9.387107E-01 6.651023E+01
9.484830E-01 5.431394E+01
9.582660E-01 5.937431E+01
9.680383E-01 4.736678E+01
9.778213E-01 3.405569E+01
9.875936E-01 4.897278E+01
9.973767E-01 7.118027E+01
1.007149E+00 8.181078E+01
1.016932E+00 1.035040E+02
1.026714E+00 1.155442E+02
1.036487E+00 7.790795E+01
1.046269E+00 6.257450E+01
1.056043E+00 5.665941E+01
1.065825E+00 7.516900E+01
1.075598E+00 6.967875E+01
1.085380E+00 5.513407E+01
1.095153E+00 4.587919E+01
1.104935E+00 4.102977E+01
1.114718E+00 4.225628E+01
1.124491E+00 4.352461E+01
1.134274E+00 4.360981E+01
1.144046E+00 2.894103E+01
1.153829E+00 2.278856E+01
1.163601E+00 5.096092E+01
1.173384E+00 6.170930E+01
1.183157E+00 5.566130E+01
1.192940E+00 5.566090E+01
1.202712E+00 5.362765E+01
1.212495E+00 5.755853E+01
1.222277E+00 4.537106E+01
1.232050E+00 3.712518E+01
1.241832E+00 2.537401E+01
1.251605E+00 3.483052E+01
1.261384E+00 4.359493E+01
1.271163E+00 5.198476E+01
1.280941E+00 2.775699E+01
1.290719E+00 3.139230E+02
1.300497E+00 3.022519E+01
1.310276E+00 3.520362E+01
1.320054E+00 3.951832E+01
1.329833E+00 3.565057E+01
1.339612E+00 4.181983E+01
1.349390E+00 4.359583E+01
1.359168E+00 3.953195E+01
1.368947E+00 3.681626E+01
1.378725E+00 4.088062E+01
1.388503E+00 3.531745E+01
1.398282E+00 3.215465E+01
1.408061E+00 3.500676E+01
1.417839E+00 4.794795E+01
1.427617E+00 5.542991E+01
1.437396E+00 5.707034E+01
1.447174E+00 5.495543E+01
1.456952E+00 5.466429E+01
1.466732E+00 3.440719E+01
1.476510E+00 3.959369E+01
1.486278E+00 4.116950E+01
1.496056E+00 2.681237E+01
1.505835E+00 2.909288E+02
1.515613E+00 2.612507E+01
1.525392E+00 3.025879E+02
1.535171E+00 4.069853E+01
1.544949E+00 6.182670E+01
1.554727E+00 7.109423E+01
1.564506E+00 7.229728E+01
1.574284E+00 8.649018E+01
1.584062E+00 7.793084E+01
1.593842E+00 5.210812E+01
1.603620E+00 3.537596E+01
1.613398E+00 3.236718E+01
1.623176E+00 2.054266E+01
1.632955E+00 3.288624E+00
1.642733E+00 4.114986E+01
1.652511E+00 5.076665E+01
1.662291E+00 4.948508E+01
1.672069E+00 4.395124E+01
1.681847E+00 4.697479E+01
1.691626E+00 4.412325E+01
1.701404E+00 4.301485E+01
1.711182E+00 3.623246E+01
1.720960E+00 2.114003E+01
1.730739E+00 3.189244E+01
1.740518E+00 5.175303E+01
1.750296E+00 6.157299E+01
1.760075E+00 4.659465E+01
1.769853E+00 3.027848E+01
1.779631E+00 3.465457E+01
1.789410E+00 4.427211E+01
1.799188E+00 5.066218E+01
1.808957E+00 4.767160E+01
1.818735E+00 3.664740E+01
1.828514E+00 2.373653E+01
1.838292E+00 3.398887E+01
1.848070E+00 3.879073E+01
1.857850E+00 2.902221E+01
1.867628E+00 2.422603E+01
1.877406E+00 3.458142E+01
1.887185E+00 4.551548E+01
1.896963E+00 4.612827E+01
1.906741E+00 4.104586E+01
1.916520E+00 3.886929E+01
1.926298E+00 4.058708E+01
1.936077E+00 4.520849E+01
1.945855E+00 4.202851E+01
1.955634E+00 3.555896E+01
1.965412E+00 4.719472E+01
1.975190E+00 6.067821E+01
1.984969E+00 5.207612E+01
1.994747E+00 3.875620E+01
2.004526E+00 3.079195E+01
2.014305E+00 3.961089E+01
2.024083E+00 4.204917E+01
2.033861E+00 4.589549E+01
2.043639E+00 4.617191E+01
2.053418E+00 4.122150E+01
2.063196E+00 3.987851E+01
2.072975E+00 3.648848E+01
2.082754E+00 3.276762E+01
2.092532E+00 3.424563E+01
2.102310E+00 3.592771E+01
2.112089E+00 3.649984E+01
2.121867E+00 4.096244E+01
2.131636E+00 4.239316E+01
2.141414E+00 4.290009E+01
2.151193E+00 4.459994E+01
2.160971E+00 4.379218E+01
2.170749E+00 3.934538E+01
2.180528E+00 3.474945E+01
2.190306E+00 3.181448E+01
2.200085E+00 3.346762E+01
2.209864E+00 3.829873E+01
2.219642E+00 4.276335E+01
2.229420E+00 4.265215E+01
2.239199E+00 3.966065E+01
2.248977E+00 3.351510E+01
2.258755E+00 2.945017E+01
2.268534E+00 3.166114E+01
2.278313E+00 3.181167E+01
2.288091E+00 3.588982E+01
2.297869E+00 3.913631E+01
2.307648E+00 4.197954E+01
2.317426E+00 4.324384E+01
2.327204E+00 4.362294E+01
2.336983E+00 3.985649E+01
2.346762E+00 3.625758E+01
2.356540E+00 3.893495E+01
2.366318E+00 4.283991E+01
2.376097E+00 3.789710E+01
2.385875E+00 3.430830E+01
2.395653E+00 3.553326E+01
2.405432E+00 3.652112E+01
2.415211E+00 3.301174E+01
2.424989E+00 3.622047E+01
2.434768E+00 3.835317E+01
2.444546E+00 4.055108E+01
2.454314E+00 3.981503E+01
2.464093E+00 3.813623E+01
2.473872E+00 3.988091E+01
2.483650E+00 4.119738E+01
2.493428E+00 4.219719E+01
2.503207E+00 4.132728E+01
2.512985E+00 3.847197E+01
2.522763E+00 3.488587E+01
2.532542E+00 3.328367E+01
2.542321E+00 3.459863E+01
2.552099E+00 3.750979E+01
2.561877E+00 3.640761E+01
2.571656E+00 3.537178E+01
2.581434E+00 3.673682E+01
2.591212E+00 3.821937E+01
2.600991E+00 3.993812E+01
2.610770E+00 4.077879E+01
2.620548E+00 3.943565E+01
2.630326E+00 3.691254E+01
2.640105E+00 3.355389E+01
2.649883E+00 3.207639E+01
2.659661E+00 3.482452E+01
2.669440E+00 3.863610E+01
2.679219E+00 4.080346E+01
2.688997E+00 3.967715E+01
2.698776E+00 3.675898E+01
2.708554E+00 3.335673E+01
2.718332E+00 3.281549E+01
2.728111E+00 3.550185E+01
2.737889E+00 3.862016E+01
2.747668E+00 3.916903E+01
2.757446E+00 3.690969E+01
2.767225E+00 3.402077E+01
2.776993E+00 3.380553E+01
2.786771E+00 3.446563E+01
2.796550E+00 3.707327E+01
2.806329E+00 3.779222E+01
2.816107E+00 3.636076E+01
2.825886E+00 3.501867E+01
2.835664E+00 3.374704E+01
2.845442E+00 3.357200E+01
2.855220E+00 3.522764E+01
2.864999E+00 3.586176E+01
2.874778E+00 3.656723E+01
2.884556E+00 3.679261E+01
2.894335E+00 3.471903E+01
2.904113E+00 3.287706E+01
2.913891E+00 3.205310E+01
2.923670E+00 3.283675E+01
2.933448E+00 3.400524E+01
2.943227E+00 3.505837E+01
2.953005E+00 3.480484E+01
2.962784E+00 3.403989E+01
2.972562E+00 3.378901E+01
2.982340E+00 3.399524E+01
2.992119E+00 3.434993E+01
3.001897E+00 3.372673E+01
3.011676E+00 3.227755E+01
3.021455E+00 3.167656E+01
3.031233E+00 3.174602E+01
3.041011E+00 3.247891E+01
3.050790E+00 3.368829E+01
3.060568E+00 3.545002E+01
3.070346E+00 3.550176E+01
3.080124E+00 3.382818E+01
3.089904E+00 3.106108E+01
3.099672E+00 2.971165E+01
3.109450E+00 2.990021E+01
3.119229E+00 3.104381E+01
3.129007E+00 3.292749E+01
3.138786E+00 3.490730E+01
3.148565E+00 3.519778E+01
3.158343E+00 3.369363E+01
3.168121E+00 3.209320E+01
3.177899E+00 3.078925E+01
3.187678E+00 3.067145E+01
3.197456E+00 3.107017E+01
3.207234E+00 3.098110E+01
3.217014E+00 3.049431E+01
3.226792E+00 3.079845E+01
3.236570E+00 3.174602E+01
3.246349E+00 3.357130E+01
3.256127E+00 3.427257E+01
3.265905E+00 3.296551E+01
3.275683E+00 3.142329E+01
3.285463E+00 3.034583E+01
3.295241E+00 2.937943E+01
3.305019E+00 2.871037E+01
3.314798E+00 2.839480E+01
3.324576E+00 2.879682E+01
3.334354E+00 3.049099E+01
3.344133E+00 3.180319E+01
3.353912E+00 3.216689E+01
3.363690E+00 3.229076E+01
3.373469E+00 3.110180E+01
3.383247E+00 2.964072E+01
3.393025E+00 2.826530E+01
3.402803E+00 2.730012E+01
3.412582E+00 2.690820E+01
3.422351E+00 2.804242E+01
3.432129E+00 2.946217E+01
3.441908E+00 3.003323E+01
3.451686E+00 3.059219E+01
3.461464E+00 3.071188E+01
3.471243E+00 3.032187E+01
3.481022E+00 2.837000E+01
3.490800E+00 2.684621E+01
3.500578E+00 2.698061E+01
3.510357E+00 2.746378E+01
3.520135E+00 2.797801E+01
3.529913E+00 2.847944E+01
3.539692E+00 2.929677E+01
3.549471E+00 3.048661E+01
3.559249E+00 3.095118E+01
3.569028E+00 3.009782E+01
3.578806E+00 2.847447E+01
3.588584E+00 2.671955E+01
3.598362E+00 2.606232E+01
3.608141E+00 2.626468E+01
3.617920E+00 2.701499E+01
3.627698E+00 2.733725E+01
3.637477E+00 2.820435E+01
3.647255E+00 2.880874E+01
3.657033E+00 2.950791E+01
3.666812E+00 2.976842E+01
3.676590E+00 2.922858E+01
3.686368E+00 2.772466E+01
3.696148E+00 2.596842E+01
3.705926E+00 2.554807E+01
3.715704E+00 2.605038E+01
3.725482E+00 2.679055E+01
3.735261E+00 2.766876E+01
3.745030E+00 2.840500E+01
3.754808E+00 2.847035E+01
3.764587E+00 2.863407E+01
3.774365E+00 2.765837E+01
3.784143E+00 2.684405E+01
3.793922E+00 2.550369E+01
3.803700E+00 2.515698E+01
3.813479E+00 2.573905E+01
3.823257E+00 2.603069E+01
3.833036E+00 2.620924E+01
3.842814E+00 2.628910E+01
3.852592E+00 2.639819E+01
3.862371E+00 2.589858E+01
3.872149E+00 2.573915E+01
3.881927E+00 2.557262E+01
3.891707E+00 2.569602E+01
3.901485E+00 2.639619E+01
3.911263E+00 2.574346E+01
3.921041E+00 2.519722E+01
3.930820E+00 2.544690E+01
3.940598E+00 2.610882E+01
3.950376E+00 2.616727E+01
3.960156E+00 2.547233E+01
3.969934E+00 2.533816E+01
3.979712E+00 2.490681E+01
3.989491E+00 2.393450E+01
3.999269E+00 2.343574E+01
4.009047E+00 2.391124E+01
4.018826E+00 2.481821E+01
4.028605E+00 2.628883E+01
4.038383E+00 2.701819E+01
4.048161E+00 2.690430E+01
4.057940E+00 2.626838E+01
4.067708E+00 2.457971E+01
4.077486E+00 2.297451E+01
4.087266E+00 2.253346E+01
4.097044E+00 2.237163E+01
4.106822E+00 2.333010E+01
4.116601E+00 2.413525E+01
4.126379E+00 2.422823E+01
4.136157E+00 2.485374E+01
4.145935E+00 2.643222E+01
4.155715E+00 2.739490E+01
4.165493E+00 2.759776E+01
4.175271E+00 2.620158E+01
4.185050E+00 2.399436E+01
4.194828E+00 2.260162E+01
4.204606E+00 2.252822E+01
4.214385E+00 2.289766E+01
4.224164E+00 2.294104E+01
4.233942E+00 2.322271E+01
4.243720E+00 2.410317E+01
4.253499E+00 2.541486E+01
4.263277E+00 2.676247E+01
4.273055E+00 2.672195E+01
4.282834E+00 2.641964E+01
4.292612E+00 2.495752E+01
4.302391E+00 2.332009E+01
4.312170E+00 2.130957E+01
4.321948E+00 1.905274E+01
4.331726E+00 1.878802E+01
4.341505E+00 2.067225E+01
4.351283E+00 2.293018E+01
4.361061E+00 2.470602E+01
4.370840E+00 2.573355E+01
4.380619E+00 2.589488E+01
4.390387E+00 2.521733E+01
4.400165E+00 2.374364E+01
4.409944E+00 2.101252E+01
4.419723E+00 1.967354E+01
4.429501E+00 2.018666E+01
4.439280E+00 2.103115E+01
4.449058E+00 2.179569E+01
4.458836E+00 2.210089E+01
4.468614E+00 2.255023E+01
4.478393E+00 2.222328E+01
4.488171E+00 2.214923E+01
4.497950E+00 2.210952E+01
4.507729E+00 2.180233E+01
4.517507E+00 2.138980E+01
4.527285E+00 2.093473E+01
4.537064E+00 2.082902E+01
4.546842E+00 2.183489E+01
4.556620E+00 2.310435E+01
4.566399E+00 2.387735E+01
4.576178E+00 2.432081E+01
4.585956E+00 2.322452E+01
4.595734E+00 2.204566E+01
4.605513E+00 2.064252E+01
4.615291E+00 1.929733E+01
4.625069E+00 1.848828E+01
4.634849E+00 1.928693E+01
4.644627E+00 2.020577E+01
4.654405E+00 2.086741E+01
4.664184E+00 2.242297E+01
4.673962E+00 2.407401E+01
4.683740E+00 2.457371E+01
4.693518E+00 2.419490E+01
4.703298E+00 2.250523E+01
4.713066E+00 2.076492E+01
4.722844E+00 1.966456E+01
4.732623E+00 1.819772E+01
4.742401E+00 1.893177E+01
4.752179E+00 1.976644E+01
4.761959E+00 2.015177E+01
4.771737E+00 2.073359E+01
4.781515E+00 2.167011E+01
4.791293E+00 2.247862E+01
4.801072E+00 2.271237E+01
4.810850E+00 2.236568E+01
4.820628E+00 2.227236E+01
4.830408E+00 2.177865E+01
4.840186E+00 2.063145E+01
4.849964E+00 2.088152E+01
4.859743E+00 2.119317E+01
4.869521E+00 2.057787E+01
4.879299E+00 2.031526E+01
4.889077E+00 2.010329E+01
4.898857E+00 1.970987E+01
4.908635E+00 1.890061E+01
4.918413E+00 1.875550E+01
4.928192E+00 1.848818E+01
4.937970E+00 1.889081E+01
4.947748E+00 1.994976E+01
4.957527E+00 2.084619E+01
4.967305E+00 2.146669E+01
4.977084E+00 3.113185E+00
4.986863E+00 3.327188E+00
